(17, array([[0, 0, 0, ..., 0, 0, 0],
       [0, 0, 0, ..., 0, 0, 0],
       [0, 0, 0, ..., 0, 0, 0],
       ...,
       [0, 0, 0, ..., 0, 0, 0],
       [0, 0, 0, ..., 0, 0, 0],
       [0, 0, 0, ..., 0, 0, 0]], dtype=int32), array([[     0,      0,    720,   1280, 824263],
       [   172,    348,    116,     30,   3398],
       [   429,    359,    120,     33,   3441],
       [   166,    382,    120,     33,   3741],
       [   432,    394,    125,     34,   3871],
       [   159,    417,    125,     38,   4198],
       [   435,    430,    132,     42,   4882],
       [   151,    455,    130,     44,   4924],
       [   439,    470,    139,     49,   5762],
       [   142,    498,    136,     44,   5308],
       [   444,    518,    147,     53,   6749],
       [   132,    545,    142,     50,   6579],
       [   448,    570,    157,     60,   8166],
       [   120,    596,    151,     56,   7612],
       [   454,    629,    167,     66,   9782],
       [   108,    652,    159,     61,   8670],
       [    95,    714,    167,     67,  10254]], dtype=int32), array([[     361.91,      648.66],
       [     230.39,       362.6],
       [     487.66,      375.79],
       [     225.83,      397.61],
       [     492.91,      410.63],
       [     221.37,      435.13],
       [     498.56,      449.96],
       [     216.17,      476.42],
       [     506.79,      494.65],
       [     212.18,      520.25],
       [     515.12,       544.2],
       [     203.22,      568.77],
       [     524.31,      599.79],
       [     196.39,      623.05],
       [     535.15,      662.31],
       [     188.99,      682.49],
       [     180.79,      747.56]]))